86080744267
47041144735
29062264261
54010756158
67103121151
13013176873
28100771572
62012378847
37120844249
96072068851
47021568533
51042454759
46050261846
96010387167
59032081844
97071857639
06122764952
89092736754
22060591797
56080445796
20082442242
35030572355
84093032298
78030437884
22070883156
86071036654
73080999834
84121997995
14092647876
72051928275
34011724394
07020215973
68111881875
90082246566
70031221754
46072451359
49110337673
05070845234
90070237688
54120236793
27080125683
62083022858
60011184634
88072384514
18102852443
35050248414
69051953699
07070272577
76070596963
18060624317
40022751193
42111068443
80081269697
67061232966
96042434761
97091469423
77072897823
24103061838
89092316354
42122945874
56070691523
82111735279
33072171255
07112831649
77102049677
47040981946
99071144171
89072841757
60090752764
32062928842
54030914853
72091194867
62061763614
45041556574
52033198674
32112022438
51042488325
42030855962
30102355153
23082292695
47050657356
67010675958
13080798712
66121754398
65111587824
18110451126
42010381649
05010635538
34071959886
77081038211
74070356475
43070213912
51011813974
89042346648
42042198738
18101975761
42051078485
89103171561
36110964183
36102589114